/1/
rend
(16x6)
map
(32x50){
10, 10, 10, 10, 10, 10, 10, 10, 10, 10, 10, 17, 15, 4, 5, 22, 22, 4, 5, 15, 19, 10, 10, 10, 10, 10, 10, 10, 10, 10, 10, 10,
10, 10, 10, 10, 10, 10, 10, 10, 10, 10, 10, 14, 13, 13, 13, 14, 14, 13, 13, 13, 14, 10, 10, 10, 10, 10, 10, 10, 10, 10, 10, 10,
10, 10, 10, 10, 10, 10, 10, 10, 10, 10, 10, 14, 13, 13, 13, 14, 14, 13, 13, 13, 14, 10, 10, 10, 10, 10, 10, 10, 10, 10, 10, 10,
10, 10, 10, 10, 10, 10, 10, 10, 10, 10, 10, 14, 13, 13, 13, 14, 14, 13, 13, 13, 14, 10, 10, 10, 10, 10, 10, 10, 10, 10, 10, 10,
17, 15, 15, 15, 15, 15, 15, 15, 15, 15, 15, 24, 13, 13, 13, 14, 14, 13, 13, 13, 21, 15, 15, 15, 15, 15, 15, 15, 15, 15, 15, 19,
14, 10, 10, 10, 10, 10, 10, 10, 10, 10, 10, 14, 13, 13, 13, 16, 18, 13, 13, 13, 14, 10, 10, 10, 10, 10, 10, 10, 10, 10, 10, 14,
14, 10, 10, 10, 10, 10, 10, 10, 10, 10, 10, 14, 10, 10, 10, 10, 10, 10, 10, 10, 14, 10, 10, 10, 10, 10, 10, 10, 10, 10, 10, 14,
6, 10, 10, 10, 10, 10, 10, 10, 10, 10, 10, 14, 10, 10, 10, 10, 10, 10, 10, 10, 14, 10, 10, 10, 10, 10, 10, 10, 10, 10, 10, 6,
9, 10, 10, 10, 10, 10, 10, 10, 10, 10, 10, 14, 10, 10, 10, 10, 10, 10, 10, 10, 14, 10, 10, 10, 10, 10, 10, 10, 10, 10, 10, 9,
9, 10, 10, 10, 10, 10, 10, 10, 10, 10, 10, 3, 10, 10, 10, 10, 10, 10, 10, 10, 3, 10, 10, 10, 10, 10, 10, 10, 10, 10, 10, 9,
7, 10, 10, 10, 10, 10, 10, 10, 10, 10, 10, 2, 10, 10, 10, 10, 10, 10, 10, 10, 2, 10, 10, 10, 10, 10, 10, 10, 10, 10, 10, 7,
14, 10, 10, 10, 10, 10, 10, 10, 10, 10, 10, 14, 10, 10, 10, 10, 10, 10, 10, 10, 14, 10, 10, 10, 10, 10, 10, 10, 10, 10, 10, 14,
14, 10, 10, 10, 10, 10, 10, 10, 10, 10, 10, 14, 10, 10, 10, 10, 10, 10, 10, 10, 14, 10, 10, 10, 10, 10, 10, 10, 10, 10, 10, 14,
21, 15, 15, 15, 15, 15, 15, 15, 15, 15, 15, 24, 10, 10, 10, 10, 10, 10, 10, 10, 21, 15, 15, 15, 15, 15, 15, 15, 15, 15, 15, 24,
14, 10, 10, 10, 10, 10, 10, 10, 10, 10, 10, 14, 10, 10, 10, 10, 10, 10, 10, 10, 14, 10, 10, 10, 10, 10, 10, 10, 10, 10, 10, 14,
14, 10, 10, 10, 10, 10, 10, 10, 10, 10, 10, 14, 10, 10, 10, 10, 10, 10, 10, 10, 14, 10, 10, 10, 10, 10, 10, 10, 10, 10, 10, 14,
6, 10, 10, 10, 10, 10, 10, 10, 10, 10, 10, 3, 10, 10, 10, 10, 10, 10, 10, 10, 3, 10, 10, 10, 10, 10, 10, 10, 10, 10, 10, 6,
9, 10, 10, 10, 10, 10, 10, 10, 10, 10, 10, 2, 10, 10, 10, 10, 10, 10, 10, 10, 2, 10, 10, 10, 10, 10, 10, 10, 10, 10, 10, 9,
9, 10, 10, 10, 10, 10, 10, 10, 10, 10, 10, 14, 10, 10, 10, 10, 10, 10, 10, 10, 14, 10, 10, 10, 10, 10, 10, 10, 10, 10, 10, 9,
7, 10, 10, 10, 10, 10, 10, 10, 10, 10, 10, 14, 10, 10, 10, 10, 10, 10, 10, 10, 14, 10, 10, 10, 10, 10, 10, 10, 10, 10, 10, 7,
14, 10, 10, 10, 10, 10, 10, 10, 10, 10, 10, 14, 10, 10, 10, 10, 10, 10, 10, 10, 14, 10, 10, 10, 10, 10, 10, 10, 10, 10, 10, 14,
14, 10, 10, 10, 10, 10, 10, 10, 10, 10, 10, 14, 10, 10, 10, 10, 10, 10, 10, 10, 14, 10, 10, 10, 10, 10, 10, 10, 10, 10, 10, 14,
21, 15, 15, 15, 15, 15, 15, 15, 15, 15, 15, 24, 10, 10, 10, 10, 10, 10, 10, 10, 21, 15, 15, 15, 15, 15, 15, 15, 15, 15, 15, 24,
14, 10, 10, 10, 10, 10, 10, 10, 10, 10, 10, 14, 10, 10, 10, 10, 10, 10, 10, 10, 14, 10, 10, 10, 10, 10, 10, 10, 10, 10, 10, 14,
14, 10, 10, 10, 10, 10, 10, 10, 10, 10, 10, 14, 10, 10, 10, 10, 10, 10, 10, 10, 14, 10, 10, 10, 10, 10, 10, 10, 10, 10, 10, 14,
6, 10, 10, 10, 10, 10, 10, 10, 10, 10, 10, 14, 10, 10, 10, 10, 10, 10, 10, 10, 14, 10, 10, 10, 10, 10, 10, 10, 10, 10, 10, 6,
9, 10, 10, 10, 10, 10, 10, 10, 10, 10, 10, 14, 10, 10, 10, 10, 10, 10, 10, 10, 14, 10, 10, 10, 10, 10, 10, 10, 10, 10, 10, 9,
9, 10, 10, 10, 10, 10, 10, 10, 10, 10, 10, 3, 10, 10, 10, 10, 10, 10, 10, 10, 3, 10, 10, 10, 10, 10, 10, 10, 10, 10, 10, 9,
7, 10, 10, 10, 10, 10, 10, 10, 10, 10, 10, 2, 10, 10, 10, 10, 10, 10, 10, 10, 2, 10, 10, 10, 10, 10, 10, 10, 10, 10, 10, 7,
14, 10, 10, 10, 10, 10, 10, 10, 10, 10, 10, 14, 10, 10, 10, 10, 10, 10, 10, 10, 14, 10, 10, 10, 10, 10, 10, 10, 10, 10, 10, 14,
14, 10, 10, 10, 10, 10, 10, 10, 10, 10, 10, 14, 10, 10, 10, 10, 10, 10, 10, 10, 14, 10, 10, 10, 10, 10, 10, 10, 10, 10, 10, 14,
21, 15, 15, 15, 15, 15, 15, 15, 15, 15, 15, 24, 10, 10, 10, 10, 10, 10, 10, 10, 21, 15, 15, 15, 15, 15, 15, 15, 15, 15, 15, 24,
14, 10, 10, 10, 10, 10, 10, 10, 10, 10, 10, 14, 10, 10, 10, 10, 10, 10, 10, 10, 14, 10, 10, 10, 10, 10, 10, 10, 10, 10, 10, 14,
14, 10, 10, 10, 10, 10, 10, 10, 10, 10, 10, 14, 10, 10, 10, 10, 10, 10, 10, 10, 14, 10, 10, 10, 10, 10, 10, 10, 10, 10, 10, 14,
6, 10, 10, 10, 10, 10, 10, 10, 10, 10, 10, 3, 10, 10, 10, 10, 10, 10, 10, 10, 3, 10, 10, 10, 10, 10, 10, 10, 10, 10, 10, 6,
9, 10, 10, 10, 10, 10, 10, 10, 10, 10, 10, 2, 10, 10, 10, 10, 10, 10, 10, 10, 2, 10, 10, 10, 10, 10, 10, 10, 10, 10, 10, 9,
9, 10, 10, 10, 10, 10, 10, 10, 10, 10, 10, 14, 10, 10, 10, 10, 10, 10, 10, 10, 14, 10, 10, 10, 10, 10, 10, 10, 10, 10, 10, 9,
7, 10, 10, 10, 10, 10, 10, 10, 10, 10, 10, 14, 10, 10, 10, 10, 10, 10, 10, 10, 14, 10, 10, 10, 10, 10, 10, 10, 10, 10, 10, 7,
14, 10, 10, 10, 10, 10, 10, 10, 10, 10, 10, 14, 10, 10, 10, 10, 10, 10, 10, 10, 14, 10, 10, 10, 10, 10, 10, 10, 10, 10, 10, 14,
14, 10, 10, 10, 10, 10, 10, 10, 10, 10, 10, 14, 10, 10, 10, 10, 10, 10, 10, 10, 14, 10, 10, 10, 10, 10, 10, 10, 10, 10, 10, 14,
21, 15, 15, 15, 15, 15, 15, 15, 15, 15, 15, 24, 10, 10, 10, 10, 10, 10, 10, 10, 21, 15, 15, 15, 15, 15, 15, 15, 15, 15, 15, 24,
14, 12, 12, 12, 12, 3, 12, 12, 12, 12, 12, 3, 10, 10, 10, 10, 10, 10, 10, 10, 3, 12, 12, 12, 12, 12, 3, 12, 12, 12, 12, 14,
6, 12, 12, 12, 12, 2, 12, 12, 12, 12, 12, 2, 10, 10, 10, 10, 10, 10, 10, 10, 2, 12, 12, 12, 12, 12, 2, 12, 12, 12, 12, 6,
7, 12, 12, 12, 12, 14, 12, 12, 12, 17, 15, 23, 15, 15, 15, 1, 0, 15, 15, 15, 23, 15, 19, 12, 12, 12, 14, 12, 12, 12, 12, 7,
14, 12, 12, 12, 12, 14, 12, 12, 12, 14, 11, 11, 11, 11, 11, 11, 11, 11, 11, 11, 11, 11, 14, 12, 12, 12, 14, 12, 12, 12, 12, 14,
16, 15, 15, 15, 15, 23, 15, 15, 15, 24, 11, 11, 11, 11, 11, 11, 11, 11, 11, 11, 11, 11, 21, 15, 15, 15, 23, 15, 15, 15, 15, 18,
10, 10, 10, 10, 10, 10, 10, 10, 10, 14, 11, 11, 11, 11, 11, 11, 11, 11, 11, 11, 11, 11, 14, 10, 10, 10, 10, 10, 10, 10, 10, 10,
10, 10, 10, 10, 10, 10, 10, 10, 10, 14, 11, 11, 11, 11, 11, 11, 11, 11, 11, 11, 11, 11, 14, 10, 10, 10, 10, 10, 10, 10, 10, 10,
10, 10, 10, 10, 10, 10, 10, 10, 10, 14, 11, 11, 11, 11, 11, 11, 11, 11, 11, 11, 11, 11, 14, 10, 10, 10, 10, 10, 10, 10, 10, 10,
10, 10, 10, 10, 10, 10, 10, 10, 10, 16, 15, 15, 15, 4, 8, 8, 8, 8, 5, 15, 15, 15, 18, 10, 10, 10, 10, 10, 10, 10, 10, 10,
}
objects{
{0,1,5,0}
{0,1,11,0}
{1,1,7,1}
{1,1,9,1}
{2,7,5,0}
{2,7,11,2}
}
/1/